16
1 1
2 1.9375
3 2.81641
4 3.64038
5 4.41286
6 5.13705
7 5.81599
8 6.45249
9 7.04921
10 7.60863
11 8.13309
12 8.62477
13 9.08573
14 9.51787
15 9.923
16 10.3028
17 10.6589
18 10.9927
19 11.3057
20 11.5991
21 11.8741
22 12.132
23 12.3737
24 12.6004
25 12.8129
26 13.0121
27 13.1988
28 13.3739
29 13.538
30 13.6919
31 13.8361
32 13.9714
33 14.0982
34 14.217
35 14.3285
36 14.4329
37 14.5309
38 14.6227
39 14.7088
40 14.7895
41 14.8651
42 14.9361
43 15.0026
44 15.0649
45 15.1233
46 15.1781
47 15.2295
48 15.2777
24
1 1
2 1.95833
3 2.87674
4 3.75687
5 4.60034
6 5.40866
7 6.18329
8 6.92566
9 7.63709
10 8.31888
11 8.97226
12 9.59841
13 10.1985
14 10.7735
15 11.3246
16 11.8528
17 12.3589
18 12.844
19 13.3088
20 13.7543
21 14.1812
22 14.5903
23 14.9824
24 15.3581
25 15.7182
26 16.0633
27 16.3939
28 16.7109
29 17.0146
30 17.3056
31 17.5846
32 17.8519
33 18.1081
34 18.3536
35 18.5888
36 18.8143
37 19.0304
38 19.2374
39 19.4359
40 19.626
41 19.8083
42 19.9829
43 20.1503
44 20.3107
45 20.4644
46 20.6118
47 20.7529
48 20.8882
49 21.0179
50 21.1421
51 21.2612
52 21.3753
53 21.4847
54 21.5895
55 21.6899
56 21.7862
57 21.8784
58 21.9668
59 22.0515
60 22.1327
61 22.2105
62 22.2851
63 22.3565
64 22.425
65 22.4907
66 22.5535
67 22.6138
68 22.6716
69 22.7269
70 22.78
71 22.8308
72 22.8795
32
1 1
2 1.96875
3 2.90723
4 3.81638
5 4.69711
6 5.55033
7 6.37688
8 7.1776
9 7.9533
10 8.70476
11 9.43274
12 10.138
13 10.8212
14 11.483
15 12.1241
16 12.7453
17 13.347
18 13.9299
19 14.4946
20 15.0416
21 15.5716
22 16.085
23 16.5823
24 17.0641
25 17.5309
26 17.983
27 18.421
28 18.8454
29 19.2565
30 19.6547
31 20.0405
32 20.4142
33 20.7763
34 21.127
35 21.4668
36 21.796
37 22.1148
38 22.4238
39 22.723
40 23.0129
41 23.2938
42 23.5658
43 23.8294
44 24.0847
45 24.3321
46 24.5717
47 24.8038
48 25.0287
49 25.2466
50 25.4576
51 25.6621
52 25.8601
53 26.052
54 26.2379
55 26.4179
56 26.5924
57 26.7614
58 26.9251
59 27.0837
60 27.2373
61 27.3861
62 27.5303
63 27.67
64 27.8053
65 27.9364
66 28.0634
67 28.1864
68 28.3056
69 28.421
70 28.5329
71 28.6412
72 28.7462
73 28.8479
74 28.9464
75 29.0418
76 29.1342
77 29.2238
78 29.3105
79 29.3946
80 29.476
81 29.5549
82 29.6313
83 29.7053
84 29.777
85 29.8465
86 29.9138
87 29.979
88 30.0421
89 30.1033
90 30.1626
91 30.22
92 30.2756
93 30.3295
94 30.3817
95 30.4323
96 30.4813
48
1 1
2 1.97917
3 2.93793
4 3.87673
5 4.79596
6 5.69605
7 6.57738
8 7.44035
9 8.28534
10 9.11273
11 9.92288
12 10.7162
13 11.4929
14 12.2535
15 12.9982
16 13.7274
17 14.4414
18 15.1405
19 15.8251
20 16.4954
21 17.1518
22 17.7944
23 18.4237
24 19.0399
25 19.6432
26 20.234
27 20.8125
28 21.3789
29 21.9335
30 22.4765
31 23.0083
32 23.5289
33 24.0387
34 24.5379
35 25.0267
36 25.5053
37 25.974
38 26.4328
39 26.8822
40 27.3221
41 27.7529
42 28.1747
43 28.5877
44 28.9922
45 29.3882
46 29.7759
47 30.1556
48 30.5273
49 30.8914
50 31.2478
51 31.5968
52 31.9385
53 32.2731
54 32.6008
55 32.9216
56 33.2357
57 33.5433
58 33.8445
59 34.1394
60 34.4282
61 34.7109
62 34.9878
63 35.2589
64 35.5243
65 35.7842
66 36.0387
67 36.2879
68 36.5319
69 36.7708
70 37.0048
71 37.2338
72 37.4581
73 37.6777
74 37.8928
75 38.1034
76 38.3095
77 38.5114
78 38.7091
79 38.9027
80 39.0922
81 39.2778
82 39.4595
83 39.6374
84 39.8116
85 39.9822
86 40.1493
87 40.3128
88 40.473
89 40.6298
90 40.7833
91 40.9337
92 41.0809
93 41.225
94 41.3662
95 41.5044
96 41.6397
97 41.7722
98 41.902
99 42.029
100 42.1534
101 42.2752
102 42.3945
103 42.5113
104 42.6256
105 42.7376
106 42.8472
107 42.9546
108 43.0597
109 43.1626
110 43.2634
111 43.362
112 43.4587
113 43.5533
114 43.6459
115 43.7366
116 43.8255
117 43.9124
118 43.9976
119 44.081
120 44.1626
121 44.2426
122 44.3208
123 44.3975
124 44.4725
125 44.546
126 44.618
127 44.6884
128 44.7574
129 44.825
130 44.8911
131 44.9559
132 45.0193
133 45.0814
134 45.1422
135 45.2018
136 45.2601
137 45.3171
138 45.373
139 45.4278
140 45.4813
141 45.5338
142 45.5852
143 45.6355
144 45.6848
64
1 1
2 1.98438
3 2.95337
4 3.90722
5 4.84617
6 5.77045
7 6.68029
8 7.57591
9 8.45753
10 9.32539
11 10.1797
12 11.0206
13 11.8484
14 12.6633
15 13.4654
16 14.255
17 15.0323
18 15.7974
19 16.5506
20 17.292
21 18.0218
22 18.7402
23 19.4474
24 20.1435
25 20.8288
26 21.5033
27 22.1673
28 22.821
29 23.4644
30 24.0978
31 24.7212
32 25.335
33 25.9391
34 26.5338
35 27.1192
36 27.6955
37 28.2627
38 28.8211
39 29.3708
40 29.9119
41 30.4445
42 30.9688
43 31.4849
44 31.993
45 32.4931
46 32.9854
47 33.47
48 33.947
49 34.4166
50 34.8788
51 35.3339
52 35.7818
53 36.2227
54 36.6567
55 37.0839
56 37.5045
57 37.9185
58 38.326
59 38.7272
60 39.1221
61 39.5108
62 39.8934
63 40.2701
64 40.6409
65 41.0058
66 41.3651
67 41.7188
68 42.0669
69 42.4097
70 42.747
71 43.0791
72 43.406
73 43.7277
74 44.0445
75 44.3563
76 44.6632
77 44.9654
78 45.2628
79 45.5556
80 45.8438
81 46.1274
82 46.4067
83 46.6816
84 46.9522
85 47.2186
86 47.4808
87 47.7389
88 47.993
89 48.2431
90 48.4893
91 48.7316
92 48.9702
93 49.2051
94 49.4362
95 49.6638
96 49.8878
97 50.1083
98 50.3253
99 50.539
100 50.7493
101 50.9564
102 51.1602
103 51.3608
104 51.5583
105 51.7527
106 51.9441
107 52.1324
108 52.3179
109 52.5004
110 52.6801
111 52.857
112 53.0311
113 53.2025
114 53.3712
115 53.5372
116 53.7007
117 53.8616
118 54.0201
119 54.176
120 54.3295
121 54.4806
122 54.6293
123 54.7758
124 54.9199
125 55.0618
126 55.2014
127 55.3389
128 55.4742
129 55.6074
130 55.7386
131 55.8677
132 55.9947
133 56.1198
134 56.2429
135 56.3641
136 56.4835
137 56.6009
138 56.7165
139 56.8303
140 56.9423
141 57.0526
142 57.1612
143 57.268
144 57.3732
145 57.4768
146 57.5787
147 57.679
148 57.7778
149 57.875
150 57.9707
151 58.0649
152 58.1577
153 58.2489
154 58.3388
155 58.4273
156 58.5143
157 58.6
158 58.6844
159 58.7675
160 58.8492
161 58.9297
162 59.0089
163 59.0869
164 59.1637
165 59.2393
166 59.3136
167 59.3869
168 59.4589
169 59.5299
170 59.5997
171 59.6685
172 59.7362
173 59.8028
174 59.8684
175 59.9329
176 59.9965
177 60.059
178 60.1206
179 60.1812
180 60.2409
181 60.2996
182 60.3575
183 60.4144
184 60.4704
185 60.5255
186 60.5798
187 60.6333
188 60.6859
189 60.7377
190 60.7886
191 60.8388
192 60.8882
